0
4
13
18
20
21
29
33
35
44
51
52
53
55
56
59
63
64
69
70
71
72
75
76
78
79
82
89
93
96
97
110
115
117
119
121
122
126
128
133
137
142
143
146
148
150
161
167
170
176
178
181
189
190
191
192
198
199
201
204
208
210
220
223
224
233
240
242
244
245
246
250
259
260
267
268
272
274
279
286
289
292
293
297
302
305
306
308
310
314
316
318
319
324
328
333
334
337
350
358
359
360
364
373
379
387
392
396
398
407
409
410
415
419
421
422
431
433
438
440
445
449
455
457
462
467
474
476
477
481
482
492
494
495
496
501
507
509
510
517
520
523
530
541
555
558
562
564
574
576
579
580
583
587
596
604
609
615
616
619
627
629
631
640
641
646
648
654
663
668
676
677
681
683
684
696
697
700
704
706
712
713
715
720
722
724
727
733
735
740
741
744
745
747
764
765
766
767
768
770
771
772
779
781
787
789
792
801
810
812
817
818
819
820
826
827
829
831
833
839
842
843
844
848
852
853
862
866
868
869
873
878
885
888
892
893
906
921
926
927
933
939
940
946
948
953
957
960
962
971
980
990
991
993
996
998
