0
4
18
20
29
32
33
35
40
41
44
51
52
53
55
56
64
69
70
71
72
75
76
79
82
89
93
96
97
110
115
117
119
121
122
126
128
133
137
142
143
146
148
150
161
167
176
178
181
183
189
190
191
192
198
199
201
208
210
220
223
224
233
240
243
244
245
246
250
259
260
267
272
279
286
289
292
293
297
306
308
310
314
316
317
318
324
328
332
333
337
350
358
359
360
364
373
379
387
392
396
397
398
407
409
419
421
422
431
433
434
435
438
440
442
445
455
457
462
467
474
476
477
481
482
492
494
495
496
501
507
509
510
520
523
530
541
555
558
562
564
576
579
580
583
587
593
596
604
609
611
615
616
619
627
629
631
640
641
646
648
654
663
668
676
677
681
683
685
696
700
704
706
712
713
715
720
722
724
727
733
735
740
741
744
745
747
761
764
766
767
768
770
771
772
779
780
781
787
789
801
810
812
817
818
819
820
823
826
827
831
833
839
842
843
844
848
851
852
853
862
864
866
868
869
873
878
885
892
893
926
927
933
939
940
946
948
953
957
960
962
971
980
990
991
993
996
998
